$ANSIBLE_VAULT;1.1;AES256
66326233383734393963653935343536353333373963376635363635646661346566366264616537
3364626239323265653937396131376539336162383537350a636638363336326564666631313332
62643864616363663962356533326137346461643236376233346161333531393766313737353733
3562656461643265640a303938313931666266343137393835613539326635356638383332396331
39633036373738373764393632356437323939626238663665303961656663336637393361626431
61306531333732323138616132396161313233656235636465333932346336323232353361363531
39303930373637396136316433383832663533633730396261366565616264653431376234386461
33633030333165646665316266396265383734376237363962616431616635363466353862386331
36653338313538616238333639323631626434383964303537373835336532346266363461623064
63396139663435666338633932666437353337646166333936356339353134356239396564353665
36646530353962663832316439656535396539336562633939636639383332373266346362333633
30353038613837656532353430326464373161636234303761393565303561613566616265386335
37613432333363393762373134333831613835313336303030343435336261386439613537623731
62396165656163636433383261303331656164643136373237346439316333363162366539616262
33613636323435383032346131336134303362643637393064326232346132663165326163633138
30333036613166656665656632336161373335633566336363623865623130663032623436353133
32393839396164623538306663616364376134303639303231346239616162356435343137383938
38326664613166656437646561666430316237633136663436363966376338613535393337633264
66343739633336386565656331326132313061376335373039303666366535616264363262333237
36626236656536303864613738646264336564316565366138626536626563326161663332383237
39366332616436356665613563666561663638373336313565336137363263393263336531386161
64663238633833323439323362656361393631613539666337653132303636303063653763363430
62356165316334306139666436616163646433323565353834643634633137366133653935633235
36623937373534383561306561646662313432643864613737643638616563353133636665353330
35633862323130306330653738626365333435326264393832623362323639633131383337663332
63653634396165363633386263643531366663353835353736323662386333363835366538323835
30633132343236396165393634636232316166633037343330353239323861363864336266623566
33613139333762326237
