$ANSIBLE_VAULT;1.1;AES256
32373130356563633862656364346533646265633664623736373665363436386262353435396633
6636613733373437343734653461376336626538633132660a386238386663623566653135383936
33666630653130666332663364666439366532656361396637333136313536343866316331643661
6337623931333065310a336131386165613830323533663536313130343830636466656430636434
64656537363264303165666263666631666263636230383833643164373562663366386533353730
61306162646437373837646333393864633130623034376631616461393430366438393238333934
30636330386135633863663766303534643934366366303562623162313662333031326334643236
62663137653433373433666132626261303461333737616232336430363263333963656361663762
37653265666662613333383335383966326139356536353638353032663066663239636465623463
39343461613065353336343763363238353734613732316662663038363038373235626136623939
32646665326634323138643037626134666566343662343530366632613535653939653433383333
62643934646430613665663761643464666133376166666661343730346662343238333832336338
63613661363433386265336334626637613531383438613234366637376362313763306130626466
63356635646630303037656137313462613064356236656237393739646565613365666363666534
66643538363863363535303066313135383538346236643133323933396561653536306164323635
64346161353462386437643730663761623733653232323930393433613334373439346236373135
63313661613234373632363736343066373166306136323339326439613731333565393932343132
37316532396232356162633564653765316537356464306335333538313731376139633434363132
32633162383166343635383663626465386232376335653731396135643538383630336130323766
66373631373437623832643634363764643632623961326363336430326161373434353065666265
61636137646266343232663662653636623931653237333563393535646666356239393465393963
39626631653330303038656132633439613539623766373261316234316435643466633734373162
38333965323265333766333338306532326637336531396265303663633134366331653038313234
35386366636337643766313531376434646436393665363133376631303530316530636663366366
37653265656339373236633736333364386331363635613831663739646230373239323066636132
65663134623330646664323262366436376266356332393066653834313464653438313965323266
31383735383034376335323961386462633130346163646664306337323262396632303566303638
39653763323835663566
