$ANSIBLE_VAULT;1.1;AES256
30623533636539616535326666663430316136356233323263396133346161323431316539663663
3539666536333765646439303365633564643863633637360a653537356632623238633130366330
65383862393033326462383733343161613364333739333234623836656335303362613634653865
3763383437653536610a303534313361616338343961363661373363376463623462643234323831
30633030376566653866333039623331353361393238643463616234316165326365376332633536
64346236646432313563343061666164663634333163383238616663313237376265366637363564
38316465383461303533653664633036363038626339356563383063636339303930313632376135
63636330323833366261626339633931616538306566363066326430616166306635356338356334
32666231353435646564316461323632643664353530373962616630623135353038316162303831
65356537333739373266626239376537366266376236376336393032663366613838613561636262
35356539636262333835326266626437313663323065313830666562373237383162326466363933
62363830323732646663383739373865373863386631393661626534643734393032373237363435
64353937343463373538323839626263376430623732313162633663636437663439383438343435
33343933303464613533626565393963663630316631643662623164346639363633323265353364
62333632326364396437363632656365383138376161303339363766356163383763363134633333
37353463353466663663636532393939363039313235346134623264646466333238613935333237
65626262306331373432646139313865396661323961623065376430323937616562666237323830
38323833313230313763333035393664316438616132626461373538326438333434643736383066
30366563616131663766343461326534343139653961343561346237616330623030396234383135
33613231343936316362366635363432333461316238336233376263313533356365646634663466
66616261646666646133363536653930336131666365353238373264333237643630623533646330
36343931626637313536613133646165336564643031353530393065363063663066376434323830
63396130616538663834646638393838303636323965613138306662323639343065336532306338
33353631613330633235393336313339303762333563653137636164366430616566653339393262
38353432386335393361353762343339393964666335303138333362396536363562626637643365
37323430393364323763376332653738306439646635386439616231393937333165383432393737
63373864643834613135396631623634646539633633373833613133613664656531653465656438
34343633303665366166656234356537333637633662373662616436623165653565343635303762
64336563323430303133303664623531363963363263653235636464333432313862386236313631
66613133646263626365666266643166303239633066366365363231316234393166643162353763
37613633383265653935323264623034636433326365326533633862313961323265303336316563
32343638633162343831333661333165323436323264656535613236663865363665346236343632
33623138636433626566386237346638373430656664326536646239316463376461313866343866
62346235356362626366323835383232613631396434633364313931366335373130633134663637
62623036623036386632343935316130383865366430653965666438643137393439393134356265
66613762646462633430313530346131353435316163313633643934303963323535326339326661
31376632616238353135633634646163313537346163386637373264366338333232393331656632
61633634333138346139623739336562653232303963316236376462666633306363656539646564
36343737363766653965303637313163356437333931626664343764356263376463633531326631
36326134646566616637
